[['<function relu at 0x0000016317533E18>' 0.2 128 0.6413861201599936
  0.6631480777706429 64 0.755576879309537 3 0.5900475707356867
  0.6995479412700819 0.6102961233529541 0]
 ['<function tanh at 0x0000016317533EA0>' 0.1 100 0.5988495781552203
  0.7867635764479809 64 0.8058081952495119 3 0.629508746002679
  0.7917945250598492 0.6102767370273332 1]
 ['<function tanh at 0x0000016317533EA0>' 0.2 100 0.5731501475171751
  0.7757232940543669 64 0.8000195666465435 3 0.6346986803946016
  0.7831678016965615 0.5988973566938816 2]
 ['<function relu at 0x0000016317533E18>' 0.1 128 0.4534766543500168
  0.9999999999656755 64 0.45832133602073133 3 1.0 0.6261884556820988
  0.6215148857867594 3]]
