[[128 0.7849397590652585 64 0.6099845413637914 0.2
  '<function tanh at 0x000001D54B6F2AE8>' 3 0.6114894385140816
  0.798591539628424 0.779688153320453 0.6059283955729083 0]
 [100 0.7791172571323668 64 0.6223010731736486 0.1
  '<function tanh at 0x000001D54B6F2AE8>' 3 0.552409137140235
  0.7953665650889745 0.7733571491288137 0.5801106034247796 1]
 [128 0.7823300519011531 64 0.6302963528490563 0.1
  '<function tanh at 0x000001D54B6F2AE8>' 3 0.4887434713064443
  0.7962561603447837 0.7787830188780328 0.5444297441348639 2]
 [128 0.78691909035516 64 0.5934758402574851 0.2
  '<function relu at 0x000001D54B6F2A60>' 3 0.5901954037093219
  0.7976044792968329 0.7851827760062642 0.5865043951514426 3]]
