[[100 0.7841316759157277 64 0.6212898292195529 0.2
  '<function tanh at 0x000001D54B6F2AE8>' 3 0.5077638664540325
  0.8021650583435814 0.7744547448239271 0.5550847660586223 0]
 [100 0.7865045460060629 64 0.6253815418047356 0.2
  '<function relu at 0x000001D54B6F2A60>' 3 0.47005616044854015
  0.7984005941494788 0.7836294604967898 0.5317779431456802 1]
 [128 0.8012093400838497 64 0.5923753301689678 0.1
  '<function relu at 0x000001D54B6F2A60>' 3 0.5862158610991355
  0.8088217797280731 0.8005353978138097 0.5854774063010724 2]
 [128 0.7927914260444948 64 0.5646947893393212 0.1
  '<function tanh at 0x000001D54B6F2AE8>' 3 0.6891725964301137
  0.8082766655093477 0.7865043121354915 0.6173506510269734 3]]
